find
0 54 77 117 124 141 156 162 206 267 290 299 349 367 394 401 404 409 420 431 453 465 476 515 519 523 567 588 640 689 693 728 734 773 780 786 799 817 829 839 846 865 920 931 947 957 988 995 1031 1059 1065 1066 1076 1080 1113 1120 1126 1137 1148 1152 1163 1184 1202 1236 1254 1264 1322 1323 1336 1351 1352 1353 1362 1384 1406 1424 1485 1498 1506 1511 1525 1541 1546 1548 1558 1564 1568 1573 1583 1586 1591 1601 1655 1679 1738 1740 1750 1755 1759 1765 1836 1846 1852 1854
all
0 70 112 129 141 157 183 206 226 257 263 267 270 304 341 364 373 429 431 518 585 609 635 642 705 761 769 779 790 799 868 915 951 954 1019 1019 1046 1050 1052 1055 1059 1159 1280 1414 1422 1454 1474 1498 1535 1557 1564 1571 1634 1635 1718 1839
people
0 158 560 703 795 803 1622 1763 1858
with
0 2 15 18 23 24 58 77 94 102 148 156 161 169 176 186 235 237 244 245 260 317 325 328 345 348 349 373 448 450 457 473 476 480 483 506 529 533 547 550 575 579 590 594 595 603 618 628 629 638 639 654 702 704 724 744 757 773 788 796 821 864 865 870 882 911 920 932 939 945 1001 1015 1031 1032 1036 1038 1081 1087 1123 1133 1135 1150 1157 1192 1195 1209 1213 1227 1228 1232 1265 1278 1280 1327 1344 1357 1368 1397 1404 1422 1436 1442 1443 1466 1471 1478 1486 1489 1490 1525 1542 1565 1571 1574 1590 1597 1599 1601 1602 1619 1633 1671 1675 1703 1710 1714 1728 1733 1750 1752 1762 1785 1794 1805 1817 1824 1844
secret
0 703
lexicographically
1 382 502 784 941 1012
smallest
1 18 23 97 186 202 256 373 382 439 448 515 534 619 623 711 731 775 784 788 875 920 941 978 1012 1018 1027 1133 1163 1217 1319 1351 1482 1525 1589 1652 1749 1752 1754 1802
string
1 11 18 35 49 70 86 101 103 113 127 137 154 178 257 258 280 288 323 342 349 375 382 394 433 440 499 504 531 573 575 588 609 637 638 647 655 659 695 711 728 753 780 782 787 805 813 827 863 882 936 941 949 951 962 997 999 1004 1009 1012 1048 1058 1062 1065 1094 1108 1144 1152 1176 1227 1231 1247 1255 1286 1300 1356 1359 1372 1378 1382 1432 1439 1442 1447 1447 1487 1496 1507 1515 1527 1532 1537 1550 1557 1568 1593 1610 1650 1657 1664 1680 1682 1686 1732 1752 1760 1779 1815 1820 1848 1859 1860 1865
after
1 4 23 42 256 342 356 384 431 487 606 624 746 752 753 819 855 859 870 900 1000 1017 1030 1083 1084 1119 1143 1187 1210 1239 1286 1298 1342 1366 1384 1545 1583 1647 1680 1719 1764 1779 1832
applying
1 900
operations
1 256 274 276 328 384 391 421 451 501 551 606 610 635 642 704 705 733 741 771 840 882 900 1043 1119 1143 1467 1480 1486 1569 1647 1669 1807 1834 1851
count
2 10 12 16 55 82 89 100 149 182 193 220 232 259 295 300 301 310 320 323 332 348 438 443 489 525 557 599 609 653 665 714 723 740 746 761 772 809 816 826 854 867 877 913 930 944 953 969 987 991 1020 1046 1066 1078 1094 1110 1119 1124 1153 1191 1195 1201 1228 1232 1240 1249 1281 1289 1317 1321 1329 1357 1394 1413 1422 1453 1466 1503 1508 1518 1534 1565 1571 1587 1620 1630 1639 1666 1734 1743 1764 1794 1844 1861
common
2 54 200 314 411 420 605 778 1238 1254 1416 1427 1538 1613 1661
words
2 119 228 258 302 524 805 866 990 995 1033 1102 1194 1205 1280 1363 1377 1411 1419 1426 1437 1764 1766 1780
one
2 111 245 340 507 544 573 691 757 865 1023 1028 1083 1339 1409 1569 1620 1654 1777 1815 1857
occurrence
2 1568
number
3 14 14 20 26 51 55 64 66 79 83 85 100 102 119 120 124 128 148 163 170 173 182 191 195 197 198 208 211 220 221 232 246 248 259 282 293 302 317 321 328 335 350 354 390 392 398 407 409 414 416 417 417 428 430 437 450 463 480 488 499 501 504 506 513 531 533 541 549 557 559 576 585 592 604 610 624 625 635 645 647 649 651 656 658 678 683 694 695 699 703 705 709 711 722 723 752 764 770 771 778 793 803 804 815 826 838 853 854 861 867 875 877 885 888 902 916 920 922 930 932 937 954 960 969 971 977 978 1005 1017 1027 1028 1028 1030 1062 1063 1069 1074 1078 1081 1086 1092 1103 1119 1149 1153 1157 1170 1178 1181 1182 1191 1193 1194 1198 1201 1211 1212 1214 1215 1217 1218 1231 1253 1260 1264 1266 1269 1272 1289 1295 1325 1326 1327 1329 1332 1340 1342 1362 1364 1366 1372 1373 1391 1393 1404 1425 1434 1439 1451 1466 1467 1472 1474 1477 1480 1482 1483 1489 1491 1499 1500 1516 1519 1527 1540 1542 1555 1567 1575 1576 1594 1601 1609 1623 1624 1630 1631 1633 1637 1640 1655 1669 1673 1674 1705 1713 1720 1740 1761 1763 1766 1782 1784 1789 1795 1806 1811 1816 1843 1846 1856 1857 1867
of
3 4 14 16 20 23 26 29 30 33 39 54 55 57 57 60 64 66 70 71 79 81 83 84 90 100 102 119 120 128 132 138 148 165 168 170 182 183 183 185 186 188 191 191 193 195 197 204 211 215 220 221 226 232 238 239 240 242 244 246 248 257 257 270 273 275 278 282 287 295 296 297 298 302 304 308 314 317 317 319 321 323 328 329 332 335 340 354 364 369 384 390 392 395 401 402 403 407 409 413 414 416 417 417 417 420 430 431 433 435 437 450 453 454 454 460 461 463 474 477 480 488 498 499 504 506 513 519 521 531 533 541 546 548 549 553 557 559 576 580 585 592 598 604 605 609 609 610 619 624 625 628 630 632 635 639 645 649 651 652 656 658 659 678 683 686 689 692 694 695 696 698 699 703 703 705 706 709 714 715 717 720 720 722 723 738 746 748 750 753 762 764 770 771 772 773 775 777 778 783 789 793 795 795 798 798 803 804 806 815 821 826 838 839 841 842 843 853 854 861 863 864 867 876 877 880 883 885 888 890 902 913 916 920 922 927 930 932 937 947 949 954 960 961 962 964 971 971 973 976 977 989 991 997 1000 1005 1015 1016 1018 1025 1027 1028 1030 1035 1037 1037 1041 1042 1050 1059 1059 1062 1063 1065 1074 1077 1078 1081 1081 1083 1089 1092 1094 1096 1103 1103 1104 1108 1119 1120 1129 1135 1146 1149 1152 1153 1157 1170 1170 1173 1178 1181 1182 1188 1189 1191 1193 1194 1197 1198 1201 1202 1208 1212 1214 1218 1231 1235 1237 1239 1239 1243 1248 1250 1252 1253 1256 1257 1259 1264 1272 1274 1280 1286 1286 1288 1289 1295 1298 1304 1308 1309 1320 1325 1326 1326 1327 1329 1332 1340 1353 1359 1362 1364 1366 1367 1370 1371 1372 1373 1373 1377 1379 1394 1396 1401 1403 1404 1408 1414 1415 1416 1419 1425 1434 1436 1436 1439 1442 1446 1446 1457 1462 1466 1467 1472 1474 1477 1480 1483 1490 1491 1499 1500 1511 1511 1512 1516 1519 1525 1528 1529 1538 1540 1542 1548 1551 1554 1561 1561 1564 1567 1568 1570 1572 1576 1580 1588 1596 1598 1601 1603 1611 1624 1625 1629 1630 1631 1633 1634 1636 1637 1640 1641 1655 1658 1663 1669 1674 1675 1677 1683 1683 1687 1695 1706 1707 1712 1713 1718 1720 1721 1725 1730 1733 1735 1738 1738 1740 1747 1751 1757 1761 1763 1766 1776 1777 1782 1782 1784 1789 1795 1797 1811 1811 1815 1824 1836 1843 1843 1845 1846 1847 1855 1856 1856 1857 1866 1867
valid
3 40 77 132 140 222 251 286 385 386 398 440 502 542 754 822 859 896 912 931 937 943 999 1046 1194 1215 1224 1546 1654 1670 1686 1732 1766 1776
clock
3 1512
times
3 53 111 531 1282 1396
mean
4
array
4 7 33 46 54 91 95 98 106 116 121 131 136 138 138 143 152 162 167 169 175 175 206 214 227 240 242 246 260 262 278 305 315 316 322 338 351 353 355 359 383 401 404 404 420 421 431 433 460 462 465 467 471 474 498 510 511 519 523 529 544 545 548 554 558 563 567 568 576 577 588 625 628 635 642 704 707 725 733 776 786 794 828 829 839 847 848 852 860 863 876 884 893 896 938 943 947 952 955 966 1037 1053 1059 1072 1079 1080 1115 1120 1125 1126 1129 1152 1203 1204 1214 1218 1234 1263 1274 1288 1298 1318 1322 1324 1349 1350 1355 1367 1371 1384 1435 1460 1473 1480 1484 1492 1494 1517 1528 1530 1532 1551 1567 1583 1584 1593 1597 1602 1602 1608 1614 1619 1639 1677 1687 1722 1723 1748 1755 1769 1792 1795 1807 1834 1836 1841 1844 1851 1860 1864
removing
4 113 508 1463 1583 1779 1792
some
4 624
elements
4 65 94 169 309 315 359 431 460 548 579 628 631 633 635 642 734 828 847 893 952 1051 1087 1113 1232 1232 1259 1334 1633 1652 1694 1697 1839
brace
5
expansion
5
ii
5 8 47 59 137 150 155 167 177 209 249 262 263 271 283 285 322 355 392 397 423 426 427 434 449 456 466 482 495 535 562 596 615 650 667 674 733 760 766 797 827 830 845 846 904 912 952 965 994 1026 1039 1045 1085 1165 1199 1246 1283 1322 1347 1399 1444 1536 1557 1577 1589 1626 1727 1731 1768 1822 1835 1845
combine
6
two
6 54 65 122 159 190 212 227 239 241 262 279 297 417 432 454 469 476 492 524 548 670 714 717 750 775 783 802 861 875 890 963 964 976 1005 1041 1169 1174 1200 1250 1257 1279 1330 1363 1397 1419 1506 1509 1522 1526 1548 1566 1573 1580 1582 1611 1650 1651 1683 1712 1776 1814 1838 1839 1843 1845 1850 1865
tables
6
reverse
7 30 32 258 273 659 729 741 759 767 805 827 975 1063 1114 1119 1166 1370 1496 1727
subarray
7 185 218 245 296 307 325 361 388 396 580 698 818 891 1083 1087 1130 1175 1221 1252 1292 1299 1309 1478 1490 1494 1574 1665 1709 1847
to
7 14 14 35 38 49 52 69 79 95 103 114 115 121 124 127 129 129 131 165 173 188 191 192 213 221 227 252 263 270 272 274 276 276 277 280 284 286 299 309 309 321 324 325 329 331 341 353 359 364 368 371 380 381 391 393 407 408 417 421 438 440 446 447 453 467 473 474 480 483 488 499 501 504 516 516 542 544 552 554 560 566 576 602 610 611 624 628 635 635 637 638 642 651 655 661 661 665 678 678 694 695 699 702 705 705 708 722 725 727 730 733 739 745 747 750 756 763 769 770 771 776 779 781 781 787 791 799 803 804 804 813 821 832 840 881 893 905 913 915 916 917 919 921 922 930 933 933 938 941 952 954 955 963 977 1005 1028 1028 1038 1041 1042 1043 1043 1055 1058 1062 1069 1073 1074 1081 1085 1091 1134 1154 1157 1159 1169 1212 1214 1218 1231 1247 1253 1261 1274 1275 1324 1337 1346 1360 1364 1366 1371 1382 1382 1409 1412 1415 1435 1448 1450 1454 1467 1480 1484 1493 1494 1494 1503 1516 1535 1567 1567 1569 1573 1591 1609 1622 1627 1627 1638 1643 1644 1654 1669 1674 1684 1702 1711 1720 1721 1760 1773 1775 1777 1784 1784 1793 1795 1807 1820 1834 1844 1851 1858 1859 1860 1867
maximize
7 490 554 612 763 820 842 1069 1143 1187 1200 1298 1439 1677
value
7 18 23 81 99 269 384 433 447 453 457 505 534 788 806 829 957 969 1035 1096 1344 1352 1506 1541 1661 1802
unique
8 20 154 299 406 583 586 590 609 728 955 1030 1040 1092 1118 1259 1261 1372 1442 1499 1577 1780
paths
8 69 84 129 161 171 215 321 406 604 932 1055 1182 1313 1401
detect
9 823 982 1396
cycles
9
in
9 12 16 24 25 46 48 63 66 68 69 82 84 87 88 89 98 102 106 111 116 154 160 162 171 181 206 207 219 246 258 269 278 282 295 302 303 313 315 320 322 341 370 374 394 401 410 429 433 439 452 458 465 471 495 511 523 534 536 538 545 548 567 581 588 597 624 625 632 640 647 656 666 668 671 691 707 715 723 726 729 734 745 754 764 780 800 805 816 844 848 853 880 889 942 951 971 981 1010 1020 1028 1072 1076 1098 1107 1108 1112 1114 1126 1129 1141 1156 1162 1167 1168 1182 1184 1193 1197 1203 1205 1206 1217 1223 1267 1268 1275 1278 1313 1314 1315 1322 1323 1345 1348 1349 1352 1414 1421 1433 1439 1446 1456 1458 1482 1488 1500 1503 1515 1527 1528 1529 1532 1533 1539 1543 1557 1558 1568 1587 1593 1600 1607 1608 1609 1610 1635 1639 1641 1644 1645 1653 1654 1657 1665 1678 1682 1698 1703 1713 1716 1729 1738 1751 1763 1766 1770 1789 1791 1796 1801 1802 1819 1831 1839 1841 1842 1848 1860
2d
9 175 333 357 1290 1509 1536 1602
grid
9 172 274 468 656 754 756 796 816 820 853 916 1182 1197 1278 1290 1315 1332 1414 1500 1511 1644 1654 1717 1767 1796
asterisks
10
longest
11 28 53 130 200 243 264 312 325 340 362 386 396 522 545 550 572 581 615 640 697 739 869 883 899 931 973 1010 1011 1065 1083 1112 1151 1287 1361 1363 1379 1427 1456 1537 1574 1585 1599 1613 1637 1704 1731 1831 1841 1852
chain
11 1725
odd
12 30 211 288 291 533 647 1050 1227 1452 1703
numbers
12 13 112 165 206 222 241 261 298 407 417 592 598 660 746 844 851 864 909 981 987 1016 1020 1036 1096 1208 1371 1408 1413 1451 1528 1544 1554 1601 1607 1655 1850
an
12 16 33 106 116 162 223 224 276 315 421 431 433 471 498 519 545 548 704 707 839 842 947 1059 1079 1177 1179 1218 1288 1291 1349 1362 1435 1503 1532 1551 1561 1593 1600 1602 1619 1639 1650 1677 1797
interval
12 522 634
range
12 50 71 202 357 497 580 723 777 844 1057 1165 1212 1242 1394 1457 1554 1589 1652 1800
self
13 746 1367 1420
dividing
13
steps
14 467 624 637 1005 1028 1084 1366
reduce
14 131 276 1028 1043 1769
a
14 18 24 24 25 35 39 49 58 63 68 70 84 89 98 111 113 127 134 172 186 188 192 204 207 219 221 258 259 274 278 282 309 310 323 324 333 341 358 367 433 439 452 453 453 455 458 477 486 504 515 536 549 553 581 594 597 609 610 618 622 629 632 632 637 652 653 656 659 661 668 671 683 691 698 703 726 732 734 748 754 754 756 772 777 781 787 789 795 796 800 805 821 836 840 846 848 853 863 880 881 888 896 917 920 936 941 962 971 981 985 989 997 999 1010 1015 1017 1017 1020 1025 1028 1047 1062 1065 1068 1090 1091 1094 1098 1103 1107 1112 1137 1147 1152 1154 1156 1169 1172 1182 1193 1197 1197 1205 1212 1214 1227 1231 1231 1237 1239 1250 1253 1278 1281 1313 1315 1324 1344 1345 1359 1366 1372 1373 1375 1390 1391 1406 1414 1416 1436 1439 1441 1442 1446 1446 1447 1450 1481 1500 1511 1512 1525 1526 1529 1529 1529 1530 1536 1538 1539 1543 1545 1555 1568 1590 1595 1602 1607 1609 1627 1629 1634 1636 1641 1644 1644 1645 1654 1657 1680 1685 1690 1703 1706 1718 1729 1732 1738 1738 1738 1740 1745 1747 1763 1764 1766 1770 1782 1784 1800 1811 1843 1847 1848 1856 1860
zero
14 124 129 270 299 804 865 1032 1043 1204 1452 1468 1569
graph
15 16 80 181 477 581 632 726 1202 1237 1310 1323 1674 1805
connectivity
15
threshold
15 191 515 821 920 1087
unreachable
16
pairs
16 87 122 132 143 193 246 248 305 332 414 416 639 707 736 767 815 852 1081 1149 1188 1201 1289 1326 1376 1466 1477 1691 1730 1864
nodes
16 25 69 87 102 110 181 332 364 373 409 429 532 547 729 809 868 913 918 954 1078 1114 1149 1468 1483 1565 1573 1587 1770 1824 1827
undirected
16
student
17 1399
attendance
17 1399
record
17 1399
i
17 202 218 336 366 412 418 422 509 1212 1225 1361 1402 1672 1786
given
18 261 309 515 609 786 888 971 973 985 1094 1198 1231 1312 1344 1406 1498 1546 1573 1608 1622 1650
numeric
18
reward
19
top
19 614 685 1102 1694
k
19 53 70 94 115 116 157 171 191 213 338 429 480 575 631 648 668 739 773 806 818 819 834 852 864 900 962 1016 1022 1030 1073 1084 1089 1102 1113 1135 1157 1170 1187 1195 1210 1298 1299 1357 1366 1396 1443 1448 1466 1478 1486 1528 1572 1610 1652 1655 1692 1694 1709 1749 1755 1773 1800 1864
students
19 608 888 1328 1462 1648 1746 1867
subjects
20
taught
20
by
20 65 93 138 167 171 284 339 447 505 537 577 607 610 622 639 691 847 923 968 990 995 998 1018 1023 1096 1122 1204 1229 1295 1303 1318 1328 1330 1336 1342 1358 1363 1375 1509 1524 1620 1749 1825 1864
each
20 269 273 476 534 678 699 705 785 877 931 1194 1336 1352 1562 1572
teacher
20
validate
21 75 96 1827
ip
21 223 627
address
21 223
stone
22 72 177 217 311 481 562 934 956 1003
game
22 72 108 145 177 217 254 311 378 481 509 556 561 681 689 712 839 926 934 948 956 1128 1137 1283 1381 1428 1604 1612 1629 1713 1717 1803 1833
replacing
23 1122
sum
23 57 63 94 115 125 159 165 171 179 183 185 212 227 230 245 262 278 296 299 307 309 328 357 361 363 419 435 447 456 476 477 478 487 497 533 553 580 598 607 696 720 736 773 783 798 800 821 843 864 904 926 947 953 1014 1025 1031 1041 1050 1063 1074 1103 1104 1127 1129 1135 1138 1171 1175 1192 1198 1208 1221 1223 1235 1242 1257 1259 1274 1286 1288 1288 1298 1309 1327 1358 1359 1394 1403 1404 1430 1436 1436 1443 1457 1460 1468 1478 1525 1526 1544 1561 1563 1597 1599 1616 1638 1642 1655 1687 1709 1724 1728 1735 1751 1753 1797 1807 1824 1829 1830 1832 1840
prime
23 97 436 666 774 844 1037 1296 1789
factors
23 778 1037 1471
final
24 384
prices
24 381
special
24 169 232 272 301 452 940 1015 1300 1666
discount
24 381 825 1675
shop
24 1147
swapping
25
linked
25 32 39 239 291 303 538 553 671 874 892 918 1162 1190 1268 1468 1609 1695 1697 1727
list
25 32 39 59 291 377 472 538 553 671 795 795 874 892 918 1029 1061 1077 1107 1162 1190 1268 1407 1468 1609 1695 1697 1727
maximum
26 83 85 94 99 119 122 156 179 218 230 240 242 244 245 246 250 275 289 302 306 307 338 342 361 363 368 369 388 392 409 430 433 435 437 448 450 451 454 458 463 477 487 506 508 513 521 546 548 549 553 559 606 622 633 645 652 656 657 661 686 700 710 748 792 793 806 821 853 891 902 936 940 971 976 990 991 1001 1014 1025 1035 1084 1116 1121 1135 1150 1153 1160 1193 1203 1207 1210 1212 1218 1223 1229 1235 1237 1239 1252 1257 1264 1284 1304 1308 1309 1325 1327 1332 1375 1408 1423 1442 1443 1445 1448 1460 1463 1472 1475 1481 1483 1488 1490 1543 1574 1576 1581 1596 1600 1619 1624 1658 1671 1680 1683 1706 1714 1721 1725 1730 1733 1746 1753 1755 1759 1776 1778 1781 1792 1797 1811 1816 1825 1847 1849 1856
weeks
26
for
26 212 329 412 430 540 785 869 896 1088 1144 1147 1194 1224 1279 1312 1406 1460 1562 1685 1692 1756
which
26 699
you
26 119 195 196 559 792 793 902 1121 1179 1470 1635 1755 1863
can
26 119 196 392 444 463 470 559 573 690 709 713 714 740 792 793 902 995 999 1121 1179 1207 1225 1447 1470 1610 1755 1801 1863
work
26 770 1632
destroying
27
asteroids
27
palindromic
28 229 312 428 443 454 586 588 1505 1683 1705 1861
substring
28 130 156 264 340 470 589 640 670 700 744 752 855 869 882 971 1065 1144 1280 1343 1379 1421 1704 1718 1810 1852 1856
preimage
29
size
29 70 131 191 962 1175 1353 1582 1622
factorial
29 56 1075
zeroes
29 56 318 673
function
29 453 616 724 1136 1339 1371 1700
levels
30 715
binary
30 44 48 70 84 96 134 165 192 275 294 298 329 342 358 369 429 441 452 485 486 495 518 531 536 538 561 570 610 638 679 691 715 728 734 739 756 780 782 787 789 800 804 836 841 942 958 964 998 1000 1010 1025 1028 1040 1065 1082 1106 1110 1142 1223 1247 1300 1306 1313 1345 1416 1423 1464 1471 1489 1538 1558 1577 1587 1609 1617 1638 1688 1728 1738 1770 1789 1815 1819 1826 1827 1837 1838 1839
tree
30 41 44 68 84 96 134 192 221 275 294 329 341 358 369 403 415 429 441 485 495 526 536 538 551 561 565 610 641 679 715 732 734 782 789 800 809 836 841 942 958 1000 1010 1025 1082 1098 1142 1156 1184 1223 1230 1304 1306 1313 1345 1352 1409 1416 1423 1464 1538 1541 1545 1558 1587 1588 1638 1638 1643 1688 1738 1738 1747 1751 1770 1826 1827 1837
zigzag
31 359 942 1010
conversion
31
gcd
33 1157
sort
33 93 158 167 344 505 577 610 882 923 1079 1199 1295 1318 1328 1484 1487 1676 1723
process
34 1248
restricted
34 321
friend
34 405
requests
34 405 1472 1846
move
35 705 933 937 1006 1627
pieces
35 1146 1216
obtain
35 792
counting
36
bits
36 211 649 759 1295 1489 1789
stock
37 473 791 1038 1183 1782
price
37 339 985 1014 1251 1256 1800
fluctuation
37
remove
38 59 139 180 355 425 542 544 677 680 905 918 951 1061 1069 1077 1115 1186 1216 1365 1468 1505 1557 1674 1693 1697 1718
stones
38 235 449 494 508 992
minimize
38 46 227 240 284 976 1026 1256 1302 1316 1334 1647 1730
the
38 39 54 55 102 102 106 116 121 129 131 136 143 148 149 156 158 161 195 197 201 203 206 210 220 234 238 257 259 270 290 306 324 344 345 349 352 372 373 405 409 412 454 460 502 505 510 515 516 519 521 523 523 528 544 588 590 612 618 624 640 646 658 668 680 689 689 693 695 699 709 713 722 723 765 770 773 777 811 816 829 839 842 854 860 867 872 896 920 920 931 933 941 944 976 1011 1011 1016 1018 1021 1027 1027 1041 1059 1060 1065 1080 1097 1107 1126 1129 1144 1152 1176 1187 1191 1198 1216 1236 1256 1256 1264 1270 1275 1284 1289 1293 1295 1307 1311 1328 1334 1341 1362 1372 1379 1380 1380 1443 1451 1462 1483 1484 1485 1497 1506 1507 1511 1524 1525 1548 1553 1561 1565 1568 1568 1570 1591 1608 1621 1622 1622 1629 1630 1631 1633 1635 1655 1658 1683 1695 1713 1713 1716 1730 1740 1755 1758 1759 1765 1767 1781 1808 1836 1843 1851 1854 1866
total
38 265 557 639 686 798 997 1073 1093 1256 1336 1486 1658 1711
delete
39 110 160 174 212 252 269 571 655 671 1279 1344
middle
39 564 1126 1695
node
39 41 192 321 671 1077 1160 1213 1268 1345 1573 1706 1738 1747
anagram
40 1005
score
42 65 168 242 345 431 451 508 554 900 932 990 1059 1133 1143 1189 1195 1213 1250 1284 1328 1360 1462 1463 1475 1545 1565 1680 1706 1753 1759 1847
flipping
42 948 1291
matrix
42 48 63 123 166 171 179 203 207 266 318 333 344 452 474 486 512 650 668 691 804 804 837 981 983 1020 1112 1180 1525 1536 1543 1546 1590 1636 1678 1703 1724 1737 1823 1829
rectangle
43 234 618 662 674 862 1167 1476 1605
area
43 190 662 674 706 910 1173 1239 1707
construct
44 234 485 502 529 711 782 1022
search
44 96 134 233 294 322 333 358 441 482 526 536 536 836 897 1013 1040 1072 1416 1437 1536 1558 1577 1617 1638 1681 1770 1839
from
44 59 113 143 192 321 355 367 404 451 470 485 490 508 524 644 680 690 708 711 732 782 792 806 811 828 875 918 966 970 1055 1061 1069 1077 1115 1121 1142 1172 1179 1200 1206 1212 1230 1332 1445 1463 1468 1498 1572 1619 1652 1792 1820
preorder
44 485 641 732 789
traversal
44 415 485 641 732 958 1798
tag
45
validator
45
deviation
46
contains
47 70 112 950 1056
duplicate
47 130 160 571 737 831 950 1056 1076 1148 1693
shortest
48 411 726 868 927 1100 1130 1278 1429 1450 1454 1478 1485 1494 1501 1762 1805 1860
path
48 125 243 458 550 691 754 868 904 942 1001 1010 1015 1112 1156 1237 1250 1278 1315 1323 1410 1430 1454 1628 1654 1671 1732 1762 1805 1812 1817
minimum
49 52 65 79 95 103 120 125 161 173 188 204 212 213 263 272 274 276 286 309 328 331 341 345 346 353 371 393 409 410 440 446 447 460 465 483 501 516 532 540 541 542 552 566 576 589 592 610 612 632 635 637 642 662 695 705 722 725 730 733 741 745 750 753 756 769 770 781 783 799 803 804 819 840 870 881 893 904 922 933 935 938 952 954 955 1005 1014 1015 1042 1043 1052 1058 1089 1091 1093 1147 1154 1169 1175 1181 1184 1189 1192 1197 1214 1230 1247 1250 1261 1271 1273 1315 1322 1340 1345 1360 1364 1371 1412 1415 1430 1431 1435 1458 1459 1467 1480 1484 1486 1493 1495 1500 1502 1516 1535 1545 1569 1627 1641 1644 1654 1655 1661 1669 1675 1692 1699 1711 1720 1735 1773 1775 1777 1779 1781 1784 1792 1802 1807 1817 1834 1851
insertions
49
balance
49 836
parentheses
49 168 273 277 284 286 385 386 425 521 542 999 1365 1465 1732 1776
module
50
next
51 701 1268 1402 1444 1659 1701
greater
51 169 191 701 1032 1087 1232 1268 1351 1402 1444 1638 1643 1659
numerically
51
balanced
51 103 695 1065 1144 1848
initial
52
energy
52
finish
52 770 799
tasks
52 769 770 793 1535
subsequence
53 186 312 345 362 363 410 615 619 696 697 739 773 840 883 928 973 1138 1151 1236 1361 1382 1475 1585 1599 1613 1637 1642 1731
repeated
53 824 869 1036 1252 1356 1396 1810
prefix
54 57 200 554 572 863 897 998 1287 1370 1529 1836
arrays
54 227 328 714 775 854 875 890 976 1330 1467 1506 1509 1548 1580 1603 1711 1845 1865
consistent
55
strings
55 57 66 193 212 257 267 320 391 469 492 552 573 605 630 665 720 723 735 807 963 1005 1018 1022 1067 1081 1219 1279 1321 1338 1560 1650 1712 1776 1848
trailing
56 458
scores
57 720 1089 1276
queries
58 68 71 107 698 1000 1057 1332 1343 1502 1736 1770 1832
on
58 310 551 579 772 819 936 937 987 1011 1137 1214 1233 1481 1545 1863
permutation
58 675 757 966 1002 1109 1235 1453 1682 1701 1819
key
58 187 664
duplicates
59 355 951 1061 1115 1557
sorted
59 252 262 278 322 355 401 465 511 568 580 775 834 848 1020 1061 1072 1085 1115 1174 1321 1322 1355 1473 1494 1525 1580 1793
check
60 70 112 157 484 492 573 669 754 859 863 882 896 969 999 1006 1019 1103 1125 1301 1383 1441 1447 1473 1474 1529 1530 1607 1650 1732 1801 1815 1823 1864 1865
if
60 70 112 157 469 573 669 754 859 863 882 896 969 999 1006 1019 1103 1216 1255 1323 1383 1441 1447 1473 1474 1529 1530 1607 1650 1732 1801 1814 1815 1823 1864 1865
object
60 1760
instance
60
class
60
monotone
61 280
increasing
61 178 280 371 383 526 544 577 599 615 633 928 1112 1151 1182 1314 1637
digits
61 106 164 259 702 819 1034 1036 1122 1286 1312 1436 1561 1601
sleep
62
zero-filled
64
subarrays
64 138 182 220 348 435 448 450 480 631 776 867 1007 1031 1050 1135 1157 1195 1214 1257 1327 1330 1357 1625 1728
changing
65 1179
that
66 259 338 392 463 693 702 709 713 714 740 995 1011 1074 1096 1198 1207 1227 1317 1368 1620 1738 1846
appear
66 1684
as
66 964 970 970 1529
substrings
66 100 154 183 229 273 304 323 513 575 585 609 638 1110 1272 1372 1463 1469 1542 1606 1620 1624 1683 1779
word
66 272 482 546 555 646 692 859 921 1169 1238 1297 1370 1456 1501 1529 1529 1681 1794 1801 1831
richest
67 811
customer
67 117 658 1389
wealth
67
cycle
68 581 726
length
68 157 257 454 490 692 729 753 773 821 883 971 1050 1135 1252 1379 1396 1401 1442 1490 1683 1725 1750 1779
insufficient
69
root
69 165 843 1078
leaf
69 165 1149 1230
codes
70
product
71 122 236 369 388 417 454 460 546 548 775 777 911 985 1016 1037 1210 1299 1333 1367 1408 1490 1543 1561 1611 1683 1786 1844
powers
71 1103
vi
72 712
design
73 76 224 247 347 564 594 601 858 898 903 1047 1136 1145 1177 1190 1305 1437 1555 1662 1745 1805
authentication
73
manager
73 1270
crawler
74
log
74 1348
folder
74
stack
75 289 475 594 704 1744
sequences
75 371 824 944 1434
circular
76 307 689 1145 1438 1539 1748 1811 1819 1860
deque
76
users
77 989
e-mails
77
camelcase
78
matching
78 244 672 885 980 1281 1532
moves
79 95 483 656 893 952 1058 1187 1360 1610 1627 1802
seat
79 801 1660
everyone
79
modify
80
edge
80 1213 1401
weights
80
max
81 414 556 932 1085 1179 1228 1372 1436 1547 1611 1668 1674 1702 1707 1793
equation
81 528 1406
integers
82 299 367 505 517 663 1030 1041 1119 1212 1295 1566 1569 1651 1666
intervals
82 152 445 1051 1186 1340
robots
83
within
83 648 747 1419 1606 1800
budget
83 1606
make
84 95 103 121 129 252 270 274 286 353 359 364 371 383 391 440 467 470 542 544 552 566 573 576 635 637 642 655 690 695 725 730 733 771 781 840 884 902 938 955 963 1005 1085 1176 1204 1247 1261 1324 1330 1358 1371 1382 1389 1467 1480 1494 1569 1615 1640 1654 1711 1720 1793 1834 1844 1851 1859
costs
84
equal
84 115 169 191 270 305 325 328 391 417 430 480 540 552 573 628 635 642 670 714 725 733 738 739 768 781 788 821 893 913 952 969 1031 1081 1157 1204 1330 1376 1417 1436 1474 1597 1606 1615 1640 1834 1849
create
85 457 568 602 1608 1700
similar
86 193 400 753 1467
groups
86 93 549 630 729 750 962 1168 1340 1483 1564 1598
swap
87 573 657 757 869 1510 1515 1592 1647
robot
88 209 941 1049 1134 1197
bounded
88 450
circle
88 597 653 862 1091
fertile
89
pyramids
89
land
89 970
power
90 297 402 505 762 1320
three
90 111 287 585 607 685 717 768 776 796 1096 1103 1245 1282 1408 1455 1597 1777 1802
nesting
91 521 1776
sliding
92 716 1116 1292
window
92 589 1116
median
92 1357 1580
items
93 400 1281 1443 1800
respecting
93
dependencies
93
exactly
94 1366 1755
complementary
95
k-th
97 257 889 1163
fraction
97 611 906
peak
98 846 1243 1679
index
98 783 788 1126 1378 1424 1568
mountain
98 567 576 943 1841
erasure
99
homogenous
100
backspace
101
compare
101 660 1018
sub-tree
102
same
102 111 235 260 457 565 624 693 911 933 1216 1301 1567 1633 1843
label
102
deletions
103 353 936 938 1261
reformat
104 350 1507 1513
date
104 985 1524
first
105 321 401 588 1405 1568 1635 1684
completely
105
painted
105
row
105 112 235 269 540 908 1150 1352 1376 1409 1546 1842
or
105 111 169 191 235 325 448 693 739 781 821 865 964 1273 1396 1778
column
105 109 112 235 1376 1546 1575 1842
separate
106 407
subrectangle
107
zuma
108
excel
109 1575
sheet
109 1575
title
109 1621
and
110 112 151 174 191 211 339 394 401 409 473 485 527 582 636 669 673 694 742 791 807 833 862 897 906 969 991 992 994 1014 1032 1038 1046 1063 1089 1124 1160 1184 1188 1222 1232 1239 1282 1288 1334 1374 1376 1386 1437 1473 1531 1546 1554 1561 1572 1574 1586 1639 1648 1698 1736 1781 1792 1802 1809 1840 1842 1842 1853
return
110 1134
forest
110 370
alert
111
using
111 146 272 941 1169 1726 1744
key-card
111
more
111 511 608 1396 1556
hour
111
period
111 1107
every
112 825
stars
113
transform
114 498 1636
chessboard
114 374 937
partition
115 152 227 338 472 575 896 949 1140 1218 1460 1597 1614
subsets
115 155 197 555 1008 1153 1191 1631
strongest
116
values
116 207 575 644 902 1230 1509 1703
referee
117
hamming
118 265 1647
distance
118 265 339 429 532 763 895 920 1093 1163 1169 1228 1244 1450 1506 1647 1678 1860
type
119 272 1169
add
120 277 286 309 364 570 702 1409 1437 1566 1850
rungs
120
split
121 260 504 776 794 963 1053 1062 1162 1192 1233 1372 1435 1795 1848
coprime
121
products
121 790 1107 1111 1374 1524 1721
difference
122 227 250 288 338 633 935 973 1014 1080 1089 1160 1179 1271 1288 1334 1375 1458 1466 1495 1502 1548 1730 1735 1802 1842
between
122 190 273 279 303 409 432 532 633 670 861 866 895 1014 1051 1089 1160 1228 1250 1288 1301 1334 1506 1512 1787 1802 1842
toeplitz
123
closest
124 290 330 453 763 844 1113 1220 1274 1331 1573 1642 1770
falling
125 904 1799 1821
event
126 1088
emitter
126
adding
127 241 284 1764
spaces
127 866
atoms
128
reorder
129 1348 1567
routes
129 761 879
lead
129
city
129 612 643 920 1522 1702 1716
half
131
arrangement
132 535 835
transpose
133 166
file
133 583 1076
trim
134
implement
135 146 587 1726 1744
trie
135
(prefix
135
tree)
135
restore
136 143 627
compression
137
form
138 309 702 709 714 875 1214 1231
concatenating
138 1363
another
138 192 795 1447 1588
boxes
139 199 708 1121 1843
tic-tac-toe
140
state
140
good
141 220 267 504 525 604 665 815 1149 1249 1413 1499 1530 1587 1591 1631 1754 1847
indices
141 1264 1384
strange
142 150
printer
142 150
adjacent
143 550 603 819 951 1515 1557 1633 1692
reducing
144
dishes
144
chalkboard
145
xor
145 226 270 606 698 714 957 1070 1316 1343 1349 1619 1836
queue
146 564 959 1145 1763
stacks
146 886
distribute
147 368 517 560
candies
147 148 560 1121 1448 1675
kids
148
greatest
148 269 420 579 605 607 1698
repetitions
149
daily
151 1656
leads
151
partners
151
into
152 175 227 305 358 575 592 738 776 794 962 1053 1340 1372 1385 1483 1597 1602
disjoint
152
reconstruct
153 221 486
itinerary
153
wraparound
154
cost
156 216 506 516 725 745 750 915 933 1015 1073 1154 1197 1230 1315 1331 1435 1654 1675 1711 1773
1's
157 263 1083
are
157 469 492 1096 1216 1255 1451 1607 1864 1865
at
157 261 488 575 691 819 888 920 931 985 1084 1282 1378 1478 1540 1582 1654 1785 1815
least
157 1030 1282 1478 1540 1582 1654 1785
places
157
away
157
folders
160
system
160 347 858 1013 1047 1076 1555 1578 1662
weighted
161
subgraph
161
required
161 1699
lucky
162 981
integer
162 256 276 379 395 523 702 730 813 819 975 991 991 1041 1179 1337 1346 1362 1368 1406 1561 1609 1749 1820 1854
perfect
163
rotated
164 322 465 1072 1322 1473
parity
167 1318 1342
x
169 169 693 1043 1446
than
169 191 325 511 608 739 821 1032 1087 1195 1299 1351 1451 1556
beautiful
170 197 353 382 535 730 835 867 1263 1562
partitions
170 390
whose
171 795 1270 1655
is
171 262 338 417 531 754 795 859 863 882 896 1006 1103 1310 1383 1441 1473 1526 1530 1655 1732 1823
divisible
171 607 631 639 938 998 1096 1358 1749 1864
cyclically
172
rotating
172
bit
173 780 1569
flips
173 781 804 1459
convert
173 175 501 765 804 832 1041 1058 1286 1602 1609 1610 1643 1669 1760
earn
174 977
1d
175 1687
largest
176 207 208 219 236 287 428 471 502 523 644 647 658 670 702 709 744 752 773 800 910 946 957 1032 1167 1240 1312 1342 1352 1368 1403 1527 1540 1649 1657 1712 1794 1802
submatrix
176
rearrangements
176
decreasing
178
element
180 219 360 401 439 471 511 544 579 667 701 846 848 1083 1187 1196 1288 1402 1444 1619 1659 1665 1679
reachable
181 547 1383
subdivided
181
nice
182 396 1704
beauty
183 1129 1292 1658
2
184 402
keys
184 833 1454
keyboard
184 908
minimums
185
k-length
186
occurrences
186 356 1092 1474 1718 1856
letter
186 683 905 1002 1108 1258 1351 1363 1684 1698 1764
slowest
187
hours
188
training
188
win
188 1200 1225
competition
188 549 1600
lfu
189
cache
189 1710
widest
190
vertical
190 1239
points
190 190 409 506 645 653 750 792 915 977 1052 1262 1332 1600
containing
190 585 640 877
no
190 317 603 654
sub-arrays
191 476 533
average
191 218 260 628 710 715 913 1095 1096 1248 1251 1495 1781
step-by-step
192
directions
192
fancy
194 655
sequence
194 502 675 690 810 927 1053 1224 1497 1706
full
195 518 764 1733 1855
rounds
195 1535
have
195 1227 1474 1635 1814
played
195
last
196 321 401 562 692 1003 1016 1155 1275 1421 1492 1634
day
196 238 1635 1855 1866
where
196 201 417 1635 1755
still
196
cross
196 917
additive
198
building
199 1024 1470
will
201
ball
201
fall
201 1634
reshape
203
difficulty
204
job
204 1488
schedule
204 493 530 682 1039
department
205 685 785 1513
highest
205 687 1089 1133 1213 1243 1504 1565 1765 1800
salary
205 489 687 1504 1510 1781 1781
lonely
206
local
207 742
walking
209 1049
simulation
209 1049 1054
escape
210 1690 1758
ghosts
210
even
211 291 364 640 729 851 1096 1196 1319 1452 1601
ascii
212
recolors
213
get
213 447 559 1121 1179 1203 1284 1303 1454 1567 1606
consecutive
213 298 367 449 494 663 779 794 902 909 940 1412 1455 1468 1528 1544 1547 1668 1692 1771
black
213
blocks
213
monotonic
214
out
215 717 1634
boundary
215
min
216 475 556 915
climbing
216 1400
stairs
216 1400
ix
217
kth
219 439 471 523 623 775 780 800 957 978 1328 1482 1525 1570 1593 1747 1806
stream
219 224 367 1663
ways
221 277 407 417 426 438 459 488 504 624 651 665 678 694 776 916 930 977 1062 1218 1231 1253 1324 1366 1373 1503 1567 1795 1844
phone
222 350 683
defanging
223
ordered
224 1107
allocate
225
mailboxes
225
bitwise
226 391 448 1032 1070 1554 1574 1625
pairings
226
print
228 941 1277 1433 1452 1826
vertically
228
k-concatenation
230
employee
231 590 699 785 856 1011 1336
bonus
231
subsequences
232 443 454 466 490 586 794 885 1198 1387 1439 1499 1505 1611 1861
insert
233 358 634
position
233 401 931 933 1366 1685 1719
most
235 261 405 575 691 819 1084 1123 1156 1196 1236 1238 1395 1539 1562 1632 1815 1830 1846
removed
235 1494
palindrome
236 290 470 490 637 774 784 874 899 912 963 1022 1068 1071 1100 1211 1363 1552 1624 1691 1750
pizza
237 1373
3n
237
slices
237
year
238
intersection
239 890 1582 1603 1845
lists
239 303 783 834 1174 1652
negabinary
241
spliced
242
univalue
243
players
244 738 865
trainers
244
deletion
245
browser
247
history
247
excellent
248
diagonal
249 666 986 1724
traverse
249 986
genetic
250 534
query
250 357 497 978 1242 1562
square
251 380 417 545 569 598 709 821 953 1571 1649
columns
252 430 1229 1511
four
253 1320
divisors
253 1220 1245
jump
254 378 712 1283 1428 1612 1835
iv
254 266 481 682 791 974 993 1128 1526 1552 1659
uncrossed
255
lines
255 499 881
missing
256 534 817 939 1405 1806
non-negative
256 663
lexicographical
257 1421
happy
257 1287 1537 1623
n
257 261 299 638 669 825 916 922 1143 1570 1596
iii
258 365 378 419 514 530 584 701 718 871 934 1056 1071 1086 1333 1392 1668 1737
divide
259 305 738 962 1091 1253 1340 1483 1528 1651
digit
261 864 875 969 969 1069 1288 1342 1359 1375 1563 1657 1857
set
261 318 1217 1523 1582 1789
-
262 357 497 1242 1526
input
262 1526
swaps
263 371 552 695 756 819 1342 1692 1752
group
263 438 968 1240 1353 1524 1622 1622 1804
together
263 1734
without
264 663 940
repeating
264 340 517 700 779
characters
264 550 585 609 619 655 670 779 923 995 1222 1227 1254 1382 1442 1474 1640 1663 1713 1771 1777 1859
spiral
266 650 837 1737
base
268 395 832 1754
7
268
segments
270 1170 1200
shifting
271 812
letters
271 812 990 1166 1301 1693
time
272 292 324 329 331 341 473 566 727 745 769 787 791 799 888 917 961 1038 1042 1052 1064 1095 1122 1159 1185 1248 1271 1312 1336 1380 1415 1493 1596 1644 1669 1710
typewriter
272
pair
273 1099 1163 1436 1725
uni-value
274
width
275 1511
0
276
different
277 550 678 796 1397 1861
absolute
278 325 935 1035 1309 1458 1466 1502
differences
278 279 1840
objects
279 474
flip
280 430 691 983
profitable
281 1156
schemes
281
laser
282
beams
282
bank
282 596 1578 1591 1653
bulb
283 743
switcher
283 743
result
284 1069
expression
284 857 980 1035 1090 1142 1142 1462
my
285 366 584
calendar
285 366 584
multiple
287 529 1319 1603
frequency
289 577 626 905 923 1018 1057 1297 1479 1849
network
292 771 850 1380 1645 1714
delay
292
biggest
293
single
293 602 848
iterator
294 1407 1514 1756
matches
295
tournament
295
ranges
296 320 438 907
concatenation
298 829 876 1081 1125 1280
up
299 702 1412
primes
300
quadruplets
301 599
found
302
sentences
302 524
merge
303 400 445 602 735 834 1174 1355 1369 1509 1712 1838
vowels
304 640 659 971 1453
detonate
306
bombs
306
bag
308 1641
tokens
308
collisions
310 772
road
310
v
311 1612
calculate
313 1185 1359 1653
amount
313 329 1042 1415
paid
313
taxes
313
lowest
314 1089 1416 1538
ancestor
314 1160 1416 1538 1747
deepest
314 373 1616
leaves
314 1344 1616
replace
315 394 579 590 779 1033 1144 1586
flatten
316 1407
deeply
316
nested
316 1407 1722
burgers
317
waste
317
ingredients
317
human
319
traffic
319
stadium
319
vowel
320 323 723 1321
latest
324 1122 1353
catch
324
bus
324 879 895 1275
continuous
325 1130 1151 1221 1379 1480
diff
325
less
325 739 821 1195 1299
limit
325 1064 1233 1641 1710
fizz
326
buzz
326
multithreaded
326
watering
327 1822
plants
327 1822
be
329 392 463 661 740 995 999 1207 1494 1801
infected
329
3sum
330 479 595
repair
331
cars
331
image
334 424 1117 1291
smoother
334
enclaves
335
project
336
employees
336 661 699 939 1159 1270 1556
ambiguous
337
coordinates
337
such
338
filter
339 828
restaurants
339
vegan-friendly,
339
character
340 869 1018 1261 1450 1572 1620
collect
341 446 1042 1098
apples
341 446 1325
change
342 397 721 1579 1777
tenth
343
line
343 881 1170 1441
diagonally
344
incompatibility
346
movie
347 814
rental
347
fixed
348 1750
bounds
348
lcp
349
decode
351 426 459 527 1097 1109 1307
xored
351 1109
defuse
352
bomb
352
distinct
354 466 619 987 1037 1080 1119 1135 1434 1469 1593 1640 1843
averages
354 818 1403
bigram
356
immutable
357 1242
decrease
359
majority
360 667 1665
ascending
361 1607
ideal
362 854
alternating
363 1247 1489 1563 1762
edges
364 1184 1674
degrees
364
paint
365 916
house
365 520 993 1246 1392
data
367 1348 1437
money
368 1653 1699
children
368 843 1448
splitted
369
rabbits
370
open
372 1784
lock
372
subtree
373 534 913 1000 1588 1830
knight
374 484 491
probability
374 1001 1660 1843
di
375 711 1224
match
375 855 1356
filling
376
bookcase
376
shelves
376
rotate
377 424 1009 1584
break
379 1068 1447
matchsticks
380
apply
381 391 421 825
strictly
383 544 1232 1705
variable
384
performing
384 451
curry
387
shopping
389
offers
389
great
390 1176
events
392 463 802 1814
attended
392 463 989
jumps
393
reach
393 483 745 954 1360 1366 1391 1470 1493 1775
home
393
complement
395 1393
10
395
coin
397 1579
4sum
399 1045
reordered
402
coprimes
403
original
404 860 1650 1836
doubled
404
ii:
405
who
405 790 1282 1388 1389
has
405 693 969 1815
friends
405 461 1303 1508
lower
408 1698
case
408 1002 1698
critical
409 1184 1645
non-increasing
410
order
410 526 1314 1388 1421 1433 1608 1678
supersequence
411
user
412
activity
412
past
412
30
412
days
412 747 861 922 1364 1591 1720 1734
fair
413 1289 1324 1592
distribution
413
cookies
413 996
k-sum
414 519
n-ary
415 641 1304
postorder
415 485
satisfying
416
inequality
416
market
418
analysis
418 509 514 1128 1333 1786
combination
419 456 1032 1127 1756
divisor
420 515 605 681
monthly
422
transactions
422 1389 1699 1813
parallel
423 718
courses
423 718
invalid
425 967 1813
n-queens
427 1440
rows
430 668 1229 1525
marking
431
magnetic
432
force
432
balls
432 705 1193 1418 1641 1843
redundant
434 887
connection
434 887
3
435 916
non-overlapping
435 476 513 802 1170 1257 1327 1624 1791
arrangements
436
eliminate
437
monsters
437
overlapping
438 862
bst
439 532 602 1223 1457 1458 1526 1567 1643
additions
440
recover
441 732 860
teemo
442
attacking
442
place
444 624 930
flowers
444 764
garden
446 1784
perimeter
446 808
enough
446
positive
447 991 1368 1405 1406 1490 1806
step
447 447
moving
449 494
until
449 494
multiplication
451 1482 1673
positions
452 1598
mysterious
453
target
453 476 483 529 702 1055 1074 1081 1171 1214 1231 1274 1327 1334 1351 1360 1371 1384 1404 1608 1627 1859 1860
making
455 583
large
455 1172 1598 1690
island
455 808 1364 1707
components
457 892 1630
zeros
458 831 1842
cornered
458
non-zero
460
appropriate
461
ages
461
non-decreasing
462 467 1387
132
464
pattern
464 1396 1586 1810
illumination
468
determine
469 1255 1629 1814
close
469
best
473 654 791 802 1038 1099 1158 1685
buy
473 694 727 791 1038
sell
473 791 1038 1418
cooldown
473
star
477 1202
multiples
478
lcm
480
rotations
483 540
tour
484
configuration
484
2-row
486
segment
487 1815
removals
487 576 1030 1545
arrive
488
destination
488 643 745 1493
categories
489
dialer
491
whether
492
almost
492
equivalent
492 1012 1477 1865
course
493 530 682 931 1039
cousins
495
heaters
496
mutable
497
rank
498 500 537 850 1276 1636
write
499
sequentially
500
ordinal
500
tracker
500 626
super
503 1132 1161 1266
washing
503
machines
503
plus
507 946
play
509 1128
shuffle
510 1105 1432
appearing
511
25%
511
pyramid
512
transition
512
sales
514 1333 1783 1786
fuel
516
report
516 699
capital
516 823 1739
possible
518 751 761 819 970 1078 1498 1855
trees
518 676 1040 1088 1431 1471 1577 1838 1839
robber
520 993 1246 1392
depth
521 1304 1776
well-performing
522
uncommon
524 1361 1731
meals
525
encode
527
tinyurl
527
solve
528
sums
529 580 786 1546 1615
prefix-aligned
531
teams
537 738 1329
votes
537
couples
539
holding
539
hands
539 1512
domino
540 1477 1531
frogs
541
croaking
541
trapping
543
rain
543
water
543 849 1123 1533 1784
streak
545
lengths
546
restrictions
547
entering
549
twin
553
rearrange
554 787 847 866 1111 1205 1859
colored
557 1216 1418
cells
557 816 1500 1678 1703
wrapper
558
coins
559 806 1098
coloring
561 1390
weight
562 1003 1209
chunk
563
front
564
back
564
rope
566
colorful
566
through
568 1125 1831
instructions
568 623 1414
maximal
569 850 900 1605
emails
571 737
uploaded
572
triangle
574 872 910 1215
judgement
574
rising
578 1533
temperature
578 765
right
579 1464 1572 1840
side
579 821 1464
mice
582
cheese
582
names
583 1729
length-3
586
magic
587 1796
dictionary
587 1231 1419 1456 1831
id
590
identifier
590
online
591 1183 1665
election
591
partitioning
592 1071 1552
deci-binary
592
not
593 628 795 1389
boring
593
movies
593 1155
increment
594 955 1023
operation
594 1279 1296 1349
multiplicity
595
account
596
summary
596 907
generate
597 810 1227 1465
random
597 983 1209 1265 1791
point
597 693 877 1383 1791
corporate
600
flight
600
bookings
600
hashmap
601
bsts
602
flower
603
planting
603
classes
608
5
608 998 1785
level
610 1025
recurring
611
decimal
611
powered
612
combinations
613 683 937
travellers
614
composition
616
exchange
617
seats
617
tiling
618 1531
fewest
618
squares
618 982 1796 1821
koko
620
eating
620
bananas
620
car
621 766 1131 1828
fleet
621 766
white
622 870
tiles
622 870
covered
622 1186 1229
carpet
622
stay
624
unequal
625 1711
triplets
625 714 1249 1519
addresses
627 1118
neighbors
628 920 1216
patients
629
condition
629 1198
special-equivalent
630
degree
632 1551
connected
632 771
trio
632
1
635 638 649 1295
loud
636
rich
636
insertion
637
representing
638
songs
639
durations
639
60
639
counts
640 1227 1479
labels
644 1140
visible
645 1763
guess
646
cheapest
648
flights
648
stops
648 895 1181
select
651
buildings
651
profit
652 1488 1632
operating
652
centennial
652
wheel
652
lattice
653
inside
653 1811
team
654 731 748
conflicts
654
placing
658
orders
658 825 880
version
660
invited
661
meeting
661 871
ones
663 673 1150 1422 1547 1571 1668 1692 1815 1842
license
664
formatting
664
build
665 704 966 1142 1503 1590 1755
weakest
668
its
669 1063 1368
double
669 1017
exist
669
wildcard
672
leaf-similar
676
comments
677
wear
678
hats
678
other
678
complete
679 769 809 1535 1630
inserter
679
sub-folders
680
filesystem
680
mirror
684
reflection
684
salaries
685
importance
686 856
roads
686 1015
nth
687 780 1077 1260
text
688 1745
justification
688
losers
689
arithmetic
690 973 1007 1285 1519 1585
progression
690
disconnect
691 1364
nearest
693 1206
y
693
coordinate
693 957 1714
pens
694
pencils
694
widths
696
harmonious
697
aware
703
box
705 919 1193 1627
projection
706
3d
706 1173
shapes
706 1173
k-diff
707
delivering
708
storage
708
ports
708
rectangles
709 877 1326 1791
pass
710 1293
ratio
710
queens
713
attack
713
king
713
puzzle
716 1194 1285
counter
719 845
built
720
lemonade
721
food
722 880 965 1047
buckets
722
feed
722
hamsters
722
call
724 1339
custom
724 1487
context
724
needed
727 787 1159
tickets
727 1168
addition
730 906 1165
sufficient
731
contaminated
734
alternately
735 1277
map
736 1243
skill
738
artifacts
740
extracted
740
global
742
inversions
742
variance
744
smaller
746 1232 1451
capacity
747 1733
ship
747
packages
747
d
747
performance
748
permutations
749 830 1224
connect
750 915
bipartition
751
mutating
752
deleting
753 1083 1831
ends
753
there
754 896 1732
rearranging
755
fruits
755 1084
arrange
756
previous
757
simplified
758
fractions
758
strong
760
password
760
checker
760 1646
heroes
762
person
763 1275 1783
bloom
764 1855
parts
768 1162 1597
sessions
770
monkeys
772
polygon
772 1189
abbreviating
777
?'s
779
avoid
779 1716
b
781
c
781
primary
785
subset
786 795
verify
789
serialization
789
customers
790 1388
bought
790
cards
792 1314 1412 1446
assign
793 996
favorite
795 1863 1863
companies
795
painting
796 1060
colors
796 1397 1676 1762
cherry
797 1101
pickup
797 1046 1101
strength
798
wizards
798
jobs
799
cinema
801
allocation
801
teach
803
piles
806
encrypt
807
decrypt
807 1820
fibonacci
810 883 1053 1594 1655
take
811 1572
gifts
811
pile
811
(atoi)
813
rating
814 1047
unguarded
816
observations
817
radius
818
happiness
820
boomerang
822
dna
824
texts
826
-2
832
rooms
833 871 1503 1635
closed
838
islands
838 1491 1743
winner
839 1137 1341 1629
diameter
841
confusion
842
exam
842 1164 1746
equals
843 1327 1709
sign
847 946
bottles
849
finding
851
3-digit
851
inverse
852
fish
853
replacement
855
parse
857
lisp
857
underground
858
substitutions
859
dates
861
units
864 1481
losses
865
visiting
868 1052
covering
870 1652
carpets
870
color
872 1216 1633
red
872
freedom
873
trail
873
dota2
878
senate
878
display
880
table
880 1111 1482 1513 1729
restaurant
880 1335
represent
881
chart
881
transformable
882
empty
884
dinner
886
plate
886
doing
888
homework
888
symbol
889
grammar
889
ipo
894
suffix
897 1414 1459
skiplist
898
chunked
899
decomposition
899
poor
901
pigs
901
hashset
903
equalize
905
subtraction
906 1296
tuple
911
burst
914 1516
balloons
914 1516 1576
ã—
916
bridge
917 1429
categorize
919
according
919
criteria
919
stickers
921
spell
921
eat
922 1863 1867
oranges
922
debounce
924
minesweeper
925
impossible
927 1273
rolls
927 1404
triplet
928
long
929 1253
pressed
929
name
929
houses
930 1397
obstacle
931 1775
chips
933
information
939 1772
floors
940 940
labelled
942
hidden
944 1122
solving
945 1462
questions
945
brainpower
945
triangular
947
card
948
optimal
949 1294
triples
953
vertices
954
vii
956
inorder
958
orderly
959
senior
960
citizens
960
exclusive
961
functions
961
logical
964
grids
964
represented
964
quad-trees
964
immediate
965
delivery
965 1046
tweets
967
far
970
task
972 1011 1768
scheduler
972 1768
basic
974 1044 1347
calculator
974 1044 1347 1805
trimmed
978
pow(x,
979
n)
979
regular
980
throttle
984
board
987 1812
eventual
988
safe
988 1553
states
988
percentage
989 1108 1736
contest
989
formed
990 995
negative
991 1020 1368 1543
jewels
992
cat
994 1386
mouse
994 1386
appeal
997
height
1000 1431 1646 1825
removal
1000 1775
scramble
1004
legal
1006
worked
1011
suggestions
1013
reversal
1017
a's
1019
appears
1019
before
1019 1634 1699
b's
1019
dining
1021
philosophers
1021
submatrices
1023 1074 1422 1571
h2o
1024
malware
1026 1302
spread
1026 1302
unoccupied
1027
chair
1027
representation
1028 1789 1819
decompress
1029
run-length
1029
encoded
1029 1650
sequential
1034 1354
transaction
1038
fee
1038
no-zero
1041
garbage
1042
options
1046
reorganize
1048
identical
1051
dice
1054 1404
roll
1054 1434
source
1055
prefixes
1059 1094
describe
1060
promise
1064 1449
followers
1066
isomorphic
1067
neighboring
1070
hire
1073 1773
workers
1073 1773
clumsy
1075
end
1077
pruning
1082
harvested
1084
chunks
1085 1793
ugly
1086 1266
varying
1087
cut
1088 1154
off
1088
golf
1088
parsing
1090
boolean
1090 1688
cuts
1091 1239
traveled
1093
waiting
1095
message
1097 1233
sightseeing
1099
frequent
1102 1196 1694 1830
distances
1104 1301 1751
advantage
1105
gap
1106 1581
k-group
1114
overlap
1117 1476
email
1118
xor-beauty
1120
container
1123 1555
say
1124
formation
1125
unsorted
1130
pooling
1131
egg
1132
drop
1132
rotation
1133
origin
1134
cancellable
1136
tic
1137
tac
1137
toe
1137
constrained
1138
grumpy
1139
bookstore
1139
owner
1139
put
1141
marbles
1141
bags
1141 1733
infix
1142
selling
1146 1251
wood
1146
penalty
1147
subtrees
1148 1228
divisibility
1152 1759
bitwise-or
1153
stick
1154
friendly
1155
streamed
1155
month
1155
poker
1158
hand
1158 1757
inform
1159
palindromes
1161
room
1164
only
1166 1542
histogram
1167
booking
1168
concert
1168
fingers
1169
sets
1170 1528
statistics
1172
sample
1172
surface
1173
atm
1177
machine
1177 1248
music
1178
playlists
1178
01
1180
refueling
1181
span
1183
pseudo-critical
1184
spanning
1184
delayed
1185
arrival
1185
topmost
1187
successful
1188
spells
1188
potions
1188
triangulation
1189
square-free
1191
homecoming
1197
satisfy
1198 1777
wiggle
1199
bad
1201
center
1202
generated
1203
subtracting
1204
amounts
1204
sentence
1205 1438 1529 1607 1766
exit
1206
entrance
1206
maze
1206 1690
enemy
1207
forts
1207
captured
1207
k-mirror
1208
pick
1209 1265 1412
increments
1210 1214
choose
1212
both
1216
infinite
1217
k-similar
1219
1-bit
1222
2-bit
1222
video
1226 1395
stitching
1226
cities
1228 1250
based
1233
patching
1234
obtained
1235 1764
any
1235 1309 1389 1529 1721
competitive
1236
quality
1237 1714 1736
piece
1239
cake
1239
horizontal
1239
gray
1241
code
1241 1780
edit
1244
changes
1247
per
1248 1479
corridor
1253
halves
1255
alike
1255
trips
1256
tile
1258
possibilities
1258
magical
1260 1550
frequencies
1261
reaching
1262
marked
1264
blacklist
1265
investments
1267
2016
1267
n-th
1269
tribonacci
1269
left
1270 1541 1572 1840
company
1270 1595
wonderful
1272
mutated
1274
fit
1275
foobar
1277
obstacles
1278
elimination
1278
rule
1281
actors
1282
directors
1282
cooperated
1282
verbal
1285
shift
1290
pillow
1293
division
1294
negations
1298
watched
1303
videos
1303
your
1303 1863 1863
memory
1305
allocator
1305
invert
1306
slanted
1307
ciphertext
1307
tastiness
1308
candy
1308 1592 1863
basket
1308
bipartite?
1310
erect
1311
fence
1311
pseudo-palindromic
1313
reveal
1314
servers
1317 1846
communicate
1317
exists
1323 1368 1650
eaten
1325
interchangeable
1326
their
1328 1556 1627
reversing
1330
dessert
1331
chosen
1334
growth
1335
spent
1336 1734
roman
1337 1346
buddy
1338
allow
1339
predict
1341
second
1345 1493 1504 1657
files
1348
snapshot
1350
m
1353 1396 1720
destroy
1354
targets
1354
p
1358
punishment
1362
outermost
1365
except
1367
accounts
1369
calls
1371 1761
cutting
1373
recyclable
1374
low
1374
fat
1374
remapping
1375
short
1377
encoding
1377
decoded
1378
alphabetical
1379
when
1380 1799
becomes
1380
idle
1380
new
1381
21
1381
append
1382
sorting
1384
fruit
1385
baskets
1385
never
1388
visited
1389 1500 1539
but
1389
did
1389
border
1390
popular
1395
creator
1395
furthest
1397 1470
relative
1398 1723
ranks
1398
checking
1401
existence
1401
limited
1401 1599
solution
1406
simplify
1410
expressive
1411
execution
1414
staying
1414
fill
1415 1689
cups
1415
json
1417 1760
deep
1417
diminishing-valued
1418
edits
1419
crossing
1420 1628
pivot
1424 1854
provinces
1425
concatenated
1426 1442
subpath
1427
structure
1437
it
1441 1530
straight
1441
earnings
1445
taxi
1445
kind
1446
deck
1446
allocated
1448
pool
1449
how
1451
many
1451
current
1451
odds
1455
goat
1461
latin
1461
math
1462
view
1464
echo
1469
achievable
1472
transfer
1472
tweet
1479
truck
1481
replacements
1484
superstring
1485
space
1486
wasted
1486
resizing
1486
scheduling
1488 1522
prototype
1492
stamping
1497 1767
recipes
1498
supplies
1498
completing
1501
ant
1503
colony
1503
unhappy
1508
summing
1509
angle
1512
rle
1514
lr
1515
arrows
1516
contiguous
1517
subdomain
1518
visit
1518 1644
goal
1520
parser
1520 1790
interpretation
1520
push
1521
dominoes
1521
mismatch
1523
sold
1524
3-same-digit
1527
occurs
1529
tromino
1531
swim
1533
anagrams
1534 1583 1804
sector
1539
track
1539
twice
1540 1684
others
1540
bottom
1541
1s
1542
non
1543
champagne
1549
tower
1549
cracking
1553
earning
1556
managers
1556 1785
mode
1558
big
1559
countries
1559
multiply
1560
subtract
1561
item
1562
farmland
1564
factor
1570
simple
1578
resultant
1583
conditions
1590 1602 1777
rob
1591
naming
1595
running
1596 1687
computers
1596
archery
1600
24
1604
dot
1611
k-subarray
1615
memoize
1618 1626
differ
1620
capitalize
1621
they
1622
belong
1622
ors
1625
location
1627
bowling
1629
assigning
1632
moment
1634
ants
1634
plank
1634
been
1635
hills
1639
valleys
1639
cell
1644
connections
1645
examinations
1648
1-bordered
1649
leetcode
1653
temperatures
1656
gardens
1658
airplane
1660
assignment
1660
parking
1662
interleaving
1664
brick
1667
wall
1667
sudoku
1670 1774
gold
1671
article
1672
views
1672
complex
1673
keep
1674 1702
fully
1674
traversable
1674
buying
1675
greatness
1677
splitting
1680
service
1685
centre
1685
parenthesis
1686
evaluate
1688
flood
1689 1716
throne
1696
inheritance
1696
english
1698
upper
1698
hello
1700
world
1700
increase
1702
skyline
1702 1808
contain
1708
virus
1708
weak
1713
confirmation
1715
rate
1715
frog
1719 1835
t
1719
seconds
1719
bouquets
1720
minimized
1721
distributed
1721
store
1721
generator
1722
rand10()
1726
rand7()
1726
fix
1729
rocks
1733
squared
1735
corresponding
1738
clone
1738
gain/loss
1739
k-beauty
1740
asteroid
1741
collision
1741
thousand
1742
separator
1742
sub
1743
queues
1744
editor
1745
taking
1746
loop
1748
compatibility
1753
comparisons
1755
straights
1757
spreading
1758
fire
1758
recent
1761
altitude
1765
transformation
1769
masking
1772
personal
1772
solver
1774
corner
1775
morse
1780
excluding
1781
smooth
1782
descent
1782
periods
1782
taps
1784
direct
1785
reports
1785
plates
1787
candles
1787
distant
1788
barcodes
1788
html
1790
entity
1790
sender
1794
hourglass
1797
snail
1798
bricks
1799
hit
1799
ranked
1800
placed
1801
crossword
1801
dungeon
1803
halve
1807
problem
1808
rings
1809
rods
1809
darts
1811
dartboard
1811
alphabet
1812 1820
conflict
1814
69
1816
effort
1817
soup
1818
servings
1818
mapping
1820
x-matrix
1823
even-valued
1824
grandparent
1824
stacking
1825
cuboids
1825
race
1828
block
1829
handling
1832
update
1832
baseball
1833
tilt
1837
having
1843
handled
1846
k-increasing
1851
awesome
1852
snakes
1853
ladders
1853
earliest
1855
boats
1858
save
1858
sqrt(x)
1862
day?
1863
week
1866
unable
1867
lunch
1867
